3.725830	1.259999	0.139236	0.007843	0.000000	-320.000000	0.219780	0.037397	0.047227
3.704801	1.100727	0.098280	0.009167	0.000000	2445.000000	0.451327	0.056887	0.005155
2.859558	-0.131310	0.187382	0.054180	0.000000	1500.000000	0.369231	0.025785	0.085904
2.910482	-0.166778	0.137573	0.039271	0.000000	635.000000	0.312500	0.026118	0.035825
2.945818	-0.183311	0.106411	0.031903	0.000000	205.000000	0.315068	0.023888	0.004532
2.921901	-0.207993	0.111862	0.022502	0.000000	1795.000000	0.456897	0.031652	0.009818
2.659040	-0.583622	0.119304	0.035556	0.000000	1705.000000	0.483607	0.027690	0.014716
2.639745	-0.604101	0.122708	0.036743	0.000000	2160.000000	0.402685	0.030730	0.017983
2.622198	-0.623336	0.125443	0.045070	0.000000	565.000000	0.273438	0.017504	0.020590
4.315930	1.596470	0.095104	0.007843	0.000000	220.000000	0.227273	0.006398	0.005226
4.169359	1.352290	0.098286	0.011887	0.000000	-810.000000	0.217391	0.032469	0.006745
4.015073	1.122522	0.109787	0.006752	0.000000	1735.000000	0.359649	0.033475	0.016687
3.263288	-0.051644	0.117510	0.026118	0.000000	-235.000000	0.194444	0.049315	0.016428
2.865494	-0.584291	0.132414	0.037159	0.000000	545.000000	0.341270	0.029433	0.027734
2.817617	-0.627390	0.142543	0.044922	0.000000	2840.000000	0.367816	0.022514	0.037579
5.189153	2.214146	0.046653	0.022723	0.000000	115.000000	0.386667	0.003225	-0.039224
5.144187	2.148400	0.048566	0.019870	0.000000	205.000000	0.234694	0.003882	-0.037757
4.891323	1.975277	0.127459	0.036500	0.000000	1900.000000	0.444444	0.050714	0.040016
4.408768	1.266968	0.142127	0.018632	0.000000	-525.000000	0.206250	0.080552	0.049881
3.145593	-0.584491	0.117680	0.050767	0.000000	2590.000000	0.349650	0.032554	0.012882
2.767189	-1.053976	0.118357	0.039122	0.000000	-225.000000	0.225000	0.037162	0.010400
4.945793	1.503549	0.166595	0.025988	0.000000	410.000000	0.188034	0.157600	0.075795
4.968736	1.363067	0.101994	0.020784	0.000000	1700.000000	0.182648	0.050929	0.010193
4.866841	1.285872	0.125410	0.012881	0.000000	-430.000000	0.225166	0.028642	0.033106
3.651037	-0.110127	0.207480	0.053694	0.000000	1930.000000	0.370370	0.205314	0.105819
3.809601	-0.115219	0.121907	0.037602	0.000000	1740.000000	0.322148	0.021165	0.020146
3.277555	-0.513732	0.233061	0.033598	0.000000	1820.000000	0.400000	0.115760	0.128705
3.288019	-0.537306	0.217309	0.039276	0.000000	1090.000000	0.303030	0.154329	0.112782
3.440157	-0.559177	0.127522	0.047822	0.000000	2100.000000	0.402685	0.064326	0.022779
3.435943	-0.583868	0.118974	0.058448	0.000000	2010.000000	0.471429	0.064299	0.014059
5.734261	1.680441	0.094205	0.007843	0.000000	-415.000000	0.382716	0.001970	0.004326
5.390020	1.303078	0.111058	0.008658	0.000000	-860.000000	0.238806	0.011124	0.018657
4.516657	0.315450	0.135315	0.027993	0.000000	1815.000000	0.606383	0.152557	0.036300
4.140552	-0.168416	0.117082	0.033859	0.000000	1610.000000	0.380165	0.070244	0.014806
3.060720	-1.352857	0.123342	0.048436	0.000000	500.000000	0.307692	0.023744	0.013150
5.968675	1.310103	0.107419	0.007843	0.000000	205.000000	0.191257	0.028342	0.014824
5.857770	1.190328	0.107612	0.007843	0.000000	-435.000000	0.263158	0.030952	0.014217
5.645803	1.045643	0.141495	0.008315	0.000000	575.000000	0.377551	0.116315	0.047166
5.032959	0.336562	0.121230	0.007843	0.000000	1015.000000	0.383178	0.061311	0.022148
5.017418	0.299435	0.112888	0.007843	0.000000	2290.000000	0.548673	0.041482	0.013551
4.185965	-0.552224	0.123454	0.004496	0.000000	-325.000000	0.178082	0.048928	0.018447
4.116564	-0.669825	0.104396	0.009004	0.000000	1245.000000	0.351351	0.015747	-0.001412
4.118950	-0.698649	0.091235	0.009360	0.000000	570.000000	0.432990	0.015220	-0.014778
3.385168	-1.206159	0.195014	0.008471	0.000000	2065.000000	0.277108	0.131029	0.085720
3.449655	-1.270315	0.139380	0.007483	0.000000	1075.000000	0.239437	0.030256	0.029607
3.440603	-1.296799	0.131889	0.007317	0.000000	1825.000000	0.333333	0.023120	0.021934
5.113403	-0.046102	0.151721	0.007843	0.000000	825.000000	0.247706	0.121309	0.049901
5.181789	-0.074364	0.113345	0.007843	0.000000	1050.000000	0.439024	0.104219	0.011298
5.144764	-0.112803	0.112100	0.007843	0.000000	2590.000000	0.442478	0.049241	0.009796
4.726752	-0.479180	0.125353	0.007843	0.000000	-350.000000	0.166667	0.076171	0.020636
4.630594	-0.579733	0.121618	0.009226	0.000000	1610.000000	0.298701	0.048042	0.016231
4.040548	-1.072498	0.149187	0.012437	0.000000	-500.000000	0.205128	0.170465	0.040564
3.841089	-1.334353	0.118589	0.011843	0.000000	1085.000000	0.372549	0.005231	0.008200
3.810697	-1.357712	0.120761	0.011403	0.000000	455.000000	0.221239	0.004922	0.010220
3.792881	-1.382697	0.117346	0.018767	0.000000	120.000000	0.369231	0.005667	0.006636
3.759968	-1.406683	0.120233	0.019751	0.000000	-475.000000	0.398148	0.010811	0.009367
4.331842	-1.329938	0.119800	0.007843	0.000000	215.000000	0.333333	0.009114	0.009237
5.712731	-1.054740	0.222802	0.040227	0.000000	-535.000000	0.215909	0.098008	0.113601
5.712774	-1.330571	0.115694	0.024032	0.000000	-460.000000	0.812500	0.000929	0.004547
5.654539	-1.363314	0.118697	0.025275	0.000000	255.000000	0.417722	0.000669	0.007343
5.614870	-1.398633	0.115744	0.025233	0.000000	710.000000	0.207547	0.003125	0.004157
5.031235	-1.788437	0.124674	0.026464	0.000000	565.000000	0.169231	0.001844	0.010577
4.983875	-1.816823	0.126809	0.026394	0.000000	680.000000	0.166667	0.001962	0.012531
4.933819	-1.840868	0.131342	0.025068	0.000000	320.000000	0.380952	0.039704	0.016916
5.824559	-1.828429	0.135411	0.050201	0.000000	820.000000	0.594595	0.007616	0.020699
5.805296	-1.865565	0.126230	0.047013	0.000000	1550.000000	0.209524	0.048360	0.011263
5.711496	-1.928923	0.124765	0.049433	0.000000	-490.000000	0.188679	0.082765	0.009390
5.937896	-2.445190	0.132487	0.051159	0.000000	-235.000000	0.382716	0.012498	0.013369
3.793422	1.248342	0.147457	0.007843	0.000000	-630.000000	0.185567	0.036669	0.055337
3.362053	0.347626	0.102705	0.024019	0.000000	2290.000000	0.378788	0.015303	0.004403
3.045500	-0.161967	0.104918	0.037451	0.000000	1470.000000	0.388489	0.114704	0.003148
3.013181	-0.188122	0.115384	0.036818	0.000000	1070.000000	0.484211	0.045703	0.013442
2.992578	-0.212793	0.118551	0.028814	0.000000	1205.000000	0.328244	0.010755	0.016443
4.364254	1.538340	0.098924	0.007843	0.000000	245.000000	0.329787	0.044516	0.008615
4.243328	1.344251	0.103727	0.007096	0.000000	-775.000000	0.212329	0.016197	0.012097
4.135213	1.166582	0.105734	0.006948	0.000000	1495.000000	0.295918	0.059314	0.012894
3.942703	1.052348	0.181040	0.013775	0.000000	-200.000000	0.186047	0.167629	0.087473
3.340847	-0.055950	0.120136	0.019597	0.000000	1010.000000	0.300885	0.063722	0.018990
3.295217	-0.133841	0.115551	0.027744	0.000000	1245.000000	0.367925	0.034879	0.013875
3.263977	-0.185269	0.112994	0.022698	0.000000	2150.000000	0.500000	0.010922	0.010968
5.289230	2.218188	0.043199	0.028694	0.000000	1395.000000	0.286957	0.002883	-0.042693
4.843151	1.670372	0.096050	0.017921	0.000000	1880.000000	0.530612	0.003427	0.006473
4.573771	1.506371	0.186606	0.031573	0.000000	-115.000000	0.166667	0.119191	0.095981
4.627337	1.354339	0.101657	0.022646	0.000000	375.000000	0.168367	0.024359	0.009937
4.461959	1.249333	0.155460	0.014788	0.000000	-660.000000	0.179104	0.103131	0.063067
4.515215	1.203542	0.108808	0.012338	0.000000	1660.000000	0.251969	0.080811	0.016070
4.495428	1.162549	0.104669	0.016287	0.000000	3310.000000	0.427586	0.060471	0.011650
3.993957	0.438696	0.110170	0.047028	0.000000	870.000000	0.396226	0.023814	0.012246
3.978088	0.405937	0.106193	0.047518	0.000000	-285.000000	0.185841	0.018026	0.008044
3.917398	0.334166	0.112069	0.050207	0.000000	850.000000	0.298851	0.108649	0.013439
3.589987	-0.074800	0.131560	0.046231	0.000000	1410.000000	0.254237	0.169333	0.030177
3.585162	-0.100965	0.123346	0.042764	0.000000	2310.000000	0.347107	0.110394	0.021780
3.578394	-0.126684	0.116373	0.048414	0.000000	3105.000000	0.326923	0.087320	0.014628
3.280327	-0.516840	0.118821	0.054382	0.000000	890.000000	0.504348	0.099660	0.014445
3.253645	-0.541090	0.123380	0.052157	0.000000	295.000000	0.490741	0.116326	0.018843
5.333762	1.708137	0.090443	0.023747	0.000000	3000.000000	0.517241	0.003548	0.000927
5.285563	1.646795	0.092307	0.018795	0.000000	1795.000000	0.372727	0.009901	0.002378
5.042339	1.504647	0.163977	0.011213	0.000000	1805.000000	0.434343	0.124223	0.073144
5.045986	1.355889	0.106129	0.007843	0.000000	1365.000000	0.182243	0.043393	0.014245
4.929857	1.273507	0.134765	0.007843	0.000000	-725.000000	0.214815	0.033744	0.042347
4.876879	1.146852	0.113841	0.009296	0.000000	-310.000000	0.250000	0.027963	0.020550
4.773674	1.003525	0.112171	0.029373	0.000000	-60.000000	0.461538	0.093406	0.017911
4.339197	0.453159	0.122030	0.024205	0.000000	75.000000	0.166667	0.024239	0.024064
3.917142	-0.089513	0.121570	0.036991	0.000000	1575.000000	0.340909	0.160386	0.019945
3.524313	-0.562725	0.126548	0.062551	0.000000	1325.000000	0.491071	0.068817	0.021745
3.489870	-0.588151	0.133579	0.064949	0.000000	1595.000000	0.423729	0.058026	0.028610
3.485424	-0.613281	0.124933	0.059628	0.000000	2485.000000	0.322404	0.034983	0.019788
5.760221	1.609667	0.098697	0.009307	0.000000	1050.000000	0.344828	0.002216	0.008307
5.395029	1.271131	0.139873	0.008877	0.000000	730.000000	0.322581	0.035802	0.047243
4.655870	0.418617	0.153175	0.022402	0.000000	130.000000	0.382353	0.058346	0.054831
4.331455	-0.042090	0.120073	0.036674	0.000000	-50.000000	0.376812	0.114286	0.018611
3.839290	-0.479616	0.172797	0.050535	0.000000	-660.000000	0.279070	0.200407	0.068447
3.802359	-0.561267	0.155780	0.063700	0.000000	1840.000000	0.242424	0.149929	0.050870
3.399132	-1.106165	0.112150	0.055026	0.000000	-480.000000	0.169014	0.015279	0.003560
5.997994	1.287763	0.126695	0.007843	0.000000	240.000000	0.227848	0.028726	0.033930
5.579198	0.996220	0.190861	0.009237	0.000000	1505.000000	0.514019	0.083579	0.096210
5.200585	0.417771	0.121171	0.007843	0.000000	2120.000000	0.366197	0.040544	0.022593
5.062591	0.321329	0.141717	0.007843	0.000000	580.000000	0.285714	0.036837	0.042515
4.724928	-0.063473	0.130537	0.007843	0.000000	1405.000000	0.330986	0.130019	0.028758
3.557962	-1.175058	0.170407	0.003922	0.000000	535.000000	0.308511	0.074514	0.061262
3.523609	-1.275291	0.142144	0.003922	0.000000	2315.000000	0.312500	0.044160	0.032305
3.497482	-1.323821	0.132509	0.003922	0.000000	85.000000	0.315068	0.035767	0.022339
3.480052	-1.346367	0.130300	0.003922	0.000000	-600.000000	0.203390	0.018305	0.019977
3.469251	-1.370930	0.124352	0.003922	0.000000	-1585.000000	1.109091	0.031778	0.013860
3.384245	-1.431442	0.134903	0.006644	0.000000	1505.000000	0.298077	0.032908	0.024020
5.712995	0.388747	0.131576	0.007843	0.000000	2095.000000	0.182390	0.163842	0.032578
5.746362	0.356669	0.105416	0.007843	0.000000	2285.000000	0.458333	0.060813	0.006177
4.797870	-0.518767	0.116535	0.007843	0.000000	-565.000000	0.228070	0.085865	0.011508
4.065916	-1.071214	0.174070	0.015898	0.000000	15.000000	0.362069	0.148042	0.065445
3.915170	-1.339020	0.121577	0.010263	0.000000	805.000000	0.368421	0.002804	0.011124
3.893598	-1.364253	0.119478	0.010035	0.000000	1205.000000	0.335938	0.001518	0.008856
3.875505	-1.389940	0.115842	0.013137	0.000000	485.000000	0.442857	0.002749	0.005047
3.628504	-1.562624	0.140173	0.012042	0.000000	-225.000000	0.183673	0.125520	0.028260
5.849800	-0.122130	0.112938	0.011765	0.000000	2760.000000	0.188976	0.025111	0.010273
5.213539	-0.631359	0.126793	0.011765	0.000000	1630.000000	0.438596	0.017443	0.020796
4.677753	-1.113492	0.117727	0.007843	0.000000	-560.000000	0.500000	0.009428	0.008548
4.215382	-1.182378	0.251012	0.007843	0.000000	370.000000	0.264151	0.152277	0.141537
4.449415	-1.310290	0.117726	0.007843	0.000000	1435.000000	0.588889	0.010704	0.007253
4.402159	-1.334927	0.124262	0.007843	0.000000	225.000000	0.428571	0.005712	0.013634
4.367630	-1.360942	0.125792	0.007843	0.000000	1400.000000	0.560000	0.007094	0.014995
5.702106	-1.406672	0.114951	0.027372	0.000000	145.000000	0.186441	0.000721	0.003271
5.093214	-1.792859	0.131273	0.024616	0.000000	-385.000000	0.260000	0.001492	0.017119
5.039196	-1.817425	0.136591	0.019752	0.000000	245.000000	0.518072	0.002305	0.022286
5.023521	-1.851121	0.128181	0.019162	0.000000	420.000000	0.307692	0.002360	0.013644
4.991577	-1.879317	0.126229	0.015187	0.000000	5.000000	0.514019	0.047439	0.011507
5.946573	-1.845698	0.123528	0.052910	0.000000	1755.000000	0.600000	0.030009	0.008643
5.878216	-1.873715	0.128958	0.059060	0.000000	1260.000000	0.375000	0.036505	0.013903
5.770940	-1.890956	0.147322	0.067470	0.000000	1490.000000	0.409639	0.051720	0.032190
4.089250	1.545350	0.115956	0.007843	0.000000	-345.000000	0.225000	0.015933	0.025812
4.027697	1.352279	0.090831	0.007843	0.000000	-605.000000	0.172619	0.045361	-0.000651
3.917806	1.266738	0.132485	0.007843	0.000000	45.000000	0.228814	0.049487	0.040444
3.676414	0.977003	0.188186	0.009972	0.000000	2395.000000	0.381295	0.057164	0.094197
3.400356	0.258770	0.099416	0.025812	0.000000	1890.000000	0.283784	0.017480	0.000470
3.373859	0.227621	0.104562	0.018174	0.000000	1310.000000	0.343284	0.010887	0.005407
2.799892	-0.590955	0.132004	0.044214	0.000000	685.000000	0.171875	0.013651	0.027305
4.285223	1.288888	0.115280	0.007934	0.000000	90.000000	0.240000	0.024245	0.023242
4.225687	1.165638	0.106848	0.006609	0.000000	115.000000	0.195946	0.033783	0.013964
4.168050	1.078017	0.109792	0.010844	0.000000	40.000000	0.253165	0.052109	0.016313
3.608749	0.400765	0.194160	0.025278	0.000000	255.000000	0.270492	0.147019	0.096128
3.393226	-0.136411	0.106416	0.019342	0.000000	2085.000000	0.359155	0.040371	0.004680
3.090755	-0.548360	0.111996	0.031966	0.000000	890.000000	0.201835	0.025258	0.007477
3.066084	-0.570796	0.117049	0.028065	0.000000	1545.000000	0.463636	0.022870	0.012382
2.658579	-1.106355	0.111255	0.031906	0.000000	-200.000000	0.242424	0.095202	0.002974
2.642706	-1.124776	0.111674	0.031991	0.000000	-295.000000	0.166667	0.084503	0.003269
5.380492	2.217928	0.049258	0.023403	0.000000	2005.000000	0.312500	0.002803	-0.036674
4.688509	1.480560	0.167415	0.037796	0.000000	250.000000	0.262626	0.111722	0.076560
4.625256	1.278383	0.128345	0.015602	0.000000	-645.000000	0.240876	0.027669	0.036089
4.009747	0.359984	0.120836	0.049532	0.000000	1825.000000	0.367188	0.073467	0.022349
4.012769	0.333353	0.108364	0.051291	0.000000	2440.000000	0.187135	0.067760	0.009688
3.228475	-0.480801	0.212913	0.067287	0.000000	2595.000000	0.463415	0.031318	0.108810
3.235412	-0.503185	0.198991	0.062665	0.000000	3605.000000	0.426752	0.072792	0.094727
5.915162	2.283362	0.059484	0.021342	0.000000	1330.000000	0.351852	0.007475	-0.026210
5.864985	2.166282	0.041890	0.013229	0.000000	770.000000	0.217822	0.005008	-0.044609
5.075601	1.292195	0.117457	0.011228	0.000000	720.000000	0.331034	0.027071	0.025111
4.377567	0.406447	0.131261	0.036907	0.000000	1140.000000	0.433735	0.050797	0.032948
4.171863	0.300062	0.195430	0.045170	0.000000	2075.000000	0.494949	0.251773	0.096450
4.257610	0.290021	0.146628	0.040701	0.000000	1325.000000	0.206667	0.108356	0.047542
3.964262	-0.126535	0.127613	0.032816	0.000000	2055.000000	0.183333	0.063335	0.025707
3.969770	-0.153239	0.113436	0.034175	0.000000	790.000000	0.481013	0.049715	0.011340
3.578191	-0.618477	0.118364	0.063786	0.000000	1210.000000	0.521008	0.014370	0.013145
3.555893	-0.643430	0.119081	0.066008	0.000000	-105.000000	0.250000	0.020985	0.013694
5.937293	1.682577	0.092894	0.013271	0.000000	655.000000	0.410000	0.007968	0.002945
5.801654	1.544585	0.103018	0.013581	0.000000	-445.000000	0.225225	0.005909	0.012150
5.603239	1.309052	0.104365	0.010474	0.000000	-875.000000	0.265152	0.014570	0.011917
5.503212	1.196460	0.107278	0.009010	0.000000	310.000000	0.333333	0.035521	0.014076
5.440996	1.136711	0.113113	0.011814	0.000000	1795.000000	0.486239	0.042146	0.019514
4.750009	0.382938	0.138772	0.024458	0.000000	20.000000	0.341880	0.040442	0.040136
4.729494	0.346775	0.133782	0.023872	0.000000	2940.000000	0.360000	0.042101	0.034899
3.981195	-0.511447	0.132924	0.035603	0.000000	500.000000	0.341880	0.140062	0.028291
3.991747	-0.538587	0.116257	0.040524	0.000000	1215.000000	0.365854	0.182179	0.011429
3.906578	-0.620660	0.121721	0.056829	0.000000	-415.000000	0.226277	0.015745	0.016348
3.264822	-1.323197	0.117888	0.048671	0.000000	20.000000	0.253968	0.019185	0.007820
5.924208	1.065522	0.114449	0.007843	0.000000	340.000000	0.172414	0.027754	0.020145
5.229424	0.330473	0.115177	0.007843	0.000000	1025.000000	0.413462	0.162299	0.015970
5.195217	0.288959	0.112900	0.007843	0.000000	1160.000000	0.180645	0.076707	0.013414
4.731745	-0.079419	0.161373	0.007843	0.000000	2110.000000	0.462687	0.037601	0.059477
4.802854	-0.101899	0.121225	0.007843	0.000000	1990.000000	0.446043	0.080879	0.019142
4.275818	-0.476885	0.192910	0.004969	0.000000	-80.000000	0.170213	0.135501	0.088396
4.320718	-0.593396	0.124342	0.003922	0.000000	2125.000000	0.376000	0.013232	0.018988
4.277779	-0.622206	0.130772	0.003922	0.000000	1670.000000	0.464000	0.015422	0.025232
3.554535	-1.351215	0.131348	0.007989	0.000000	225.000000	0.450000	0.018827	0.020960
3.538473	-1.374567	0.128096	0.005593	0.000000	-310.000000	0.370370	0.014224	0.017550
5.360943	-0.086647	0.112075	0.007843	0.000000	-495.000000	0.458824	0.029811	0.009866
5.335094	-0.123113	0.107052	0.007843	0.000000	2255.000000	0.360294	0.025361	0.004595
4.841143	-0.526325	0.132442	0.007843	0.000000	1545.000000	0.276596	0.106922	0.027343
4.014992	-1.118895	0.207473	0.044082	0.000000	-0.000000	0.206897	0.171609	0.098531
3.962251	-1.397798	0.111133	0.007843	0.000000	-195.000000	0.409091	0.005004	0.000246
3.933553	-1.420536	0.112776	0.007843	0.000000	1335.000000	0.500000	0.007177	0.001740
3.800413	-1.533909	0.116952	0.015536	0.000000	-20.000000	0.170213	0.007781	0.005170
3.757055	-1.551767	0.126328	0.016822	0.000000	-260.000000	0.200000	0.071860	0.014438
5.989408	-0.086466	0.114221	0.011765	0.000000	-10.000000	0.180328	0.082690	0.011749
5.961354	-0.126556	0.107438	0.011765	0.000000	-25.000000	0.255102	0.079882	0.004694
5.881611	-0.172084	0.116368	0.011765	0.000000	695.000000	0.433628	0.010422	0.013336
4.462171	-1.369751	0.119198	0.007843	0.000000	155.000000	0.438596	0.003781	0.008299
4.438297	-1.397713	0.116121	0.007843	0.000000	-605.000000	0.568627	0.003281	0.005035
5.776370	-1.413677	0.117587	0.020053	0.000000	-195.000000	0.254237	0.008156	0.005826
5.140706	-1.830187	0.127868	0.027628	0.000000	-700.000000	0.459770	0.002219	0.013430
5.989460	-1.888774	0.119118	0.051904	0.000000	-275.000000	0.528090	0.061276	0.003911
5.960598	-1.923642	0.112864	0.054373	0.000000	1310.000000	0.343750	0.087306	-0.002577
5.884231	-1.949557	0.120818	0.057420	0.000000	830.000000	0.247191	0.062714	0.005225
4.257709	1.607284	0.084904	0.007843	0.000000	-345.000000	0.308824	0.004692	-0.004872
4.225613	1.556920	0.088751	0.007843	0.000000	780.000000	0.395604	0.043481	-0.001367
4.125246	1.374097	0.091724	0.007843	0.000000	-855.000000	0.188811	0.034870	0.000356
4.101348	1.330387	0.092201	0.007843	0.000000	-365.000000	0.169591	0.044786	0.000533
3.260866	-0.058684	0.118118	0.036623	0.000000	15.000000	0.191489	0.045312	0.016987
3.212644	-0.133255	0.118409	0.048534	0.000000	1545.000000	0.172414	0.040084	0.016772
2.911771	-0.582883	0.116771	0.053264	0.000000	-75.000000	0.174419	0.025114	0.012083
4.613594	1.627179	0.090678	0.011234	0.000000	980.000000	0.547945	0.005612	0.000893
4.560483	1.565712	0.100942	0.012189	0.000000	1040.000000	0.261682	0.077957	0.010745
4.462204	1.380020	0.094328	0.016819	0.000000	-565.000000	0.182482	0.136623	0.002860
4.301628	1.145291	0.106484	0.007156	0.000000	2520.000000	0.454545	0.024366	0.013424
4.107176	1.001953	0.171514	0.015455	0.000000	165.000000	0.263514	0.135955	0.077522
3.498579	-0.097675	0.110442	0.010640	0.000000	965.000000	0.226190	0.039002	0.008936
3.145743	-0.583122	0.114153	0.024017	0.000000	2700.000000	0.400000	0.032566	0.009365
2.758509	-1.081318	0.113493	0.025417	0.000000	260.000000	0.169697	0.036028	0.005347
5.460563	2.191667	0.045762	0.022721	0.000000	310.000000	0.233333	0.003202	-0.040389
5.032693	1.654634	0.089413	0.014459	0.000000	1775.000000	0.305785	0.004677	-0.000354
4.885678	1.513104	0.119292	0.016931	0.000000	1270.000000	0.387755	0.082509	0.028586
4.706131	1.190200	0.099738	0.014391	0.000000	-50.000000	0.187050	0.054096	0.006826
4.634827	1.095431	0.103944	0.014495	0.000000	1840.000000	0.385965	0.027366	0.010392
4.590009	1.045124	0.109989	0.022195	0.000000	470.000000	0.450980	0.050515	0.016100
4.551768	0.965550	0.101165	0.030347	0.000000	-405.000000	0.205882	0.028477	0.006730
4.130365	0.383210	0.110881	0.045189	0.000000	2235.000000	0.343511	0.087515	0.012508
3.785530	-0.063101	0.123298	0.046326	0.000000	155.000000	0.173333	0.016020	0.021915
3.655252	-0.107985	0.178759	0.042460	0.000000	1805.000000	0.384615	0.147951	0.077113
3.761663	-0.117179	0.114014	0.036114	0.000000	2480.000000	0.253165	0.008140	0.012259
3.516613	-0.413371	0.126044	0.031105	0.000000	-860.000000	0.169492	0.019994	0.022299
3.282308	-0.516637	0.214609	0.061177	0.000000	540.000000	0.292683	0.154368	0.110230
3.264601	-0.539556	0.214518	0.062728	0.000000	1785.000000	0.406452	0.174197	0.109985
3.402557	-0.583015	0.115762	0.054444	0.000000	1730.000000	0.244444	0.027367	0.010867
3.120132	-0.979459	0.093693	0.042671	0.000000	-110.000000	0.168675	0.026292	-0.013885
5.988682	2.207450	0.040776	0.013794	0.000000	-95.000000	0.189655	0.010337	-0.045484
4.430034	0.352793	0.127694	0.014850	0.000000	2010.000000	0.238095	0.122347	0.028980
4.078083	-0.136903	0.108755	0.033884	0.000000	2415.000000	0.445312	0.009940	0.006728
4.047514	-0.168509	0.111380	0.031767	0.000000	2150.000000	0.391892	0.006323	0.009143
3.695055	-0.582213	0.117653	0.048746	0.000000	1205.000000	0.348101	0.008394	0.012641
3.166364	-1.164822	0.130377	0.058262	0.000000	850.000000	0.322034	0.018085	0.021469
5.600445	1.178837	0.097083	0.007843	0.000000	60.000000	0.269663	0.029537	0.003716
4.031195	-0.581616	0.119959	0.070057	0.000000	1615.000000	0.398496	0.064138	0.014810
3.996158	-0.608346	0.125174	0.066784	0.000000	2430.000000	0.311111	0.062764	0.019851
3.264435	-1.174855	0.225142	0.094775	0.000000	850.000000	0.241379	0.182035	0.116120
3.292698	-1.204292	0.198383	0.077767	0.000000	1545.000000	0.227273	0.148355	0.089141
3.418449	-1.253528	0.116227	0.056606	0.000000	1320.000000	0.195122	0.021937	0.006587
5.923493	1.058525	0.151251	0.008373	0.000000	395.000000	0.255102	0.029442	0.056896
5.842616	0.994880	0.160312	0.008901	0.000000	-0.000000	0.375000	0.032615	0.065542
4.786689	-0.068171	0.180347	0.007843	0.000000	1780.000000	0.396396	0.188037	0.078507
4.821522	-0.190357	0.114382	0.007843	0.000000	65.000000	0.367521	0.003079	0.011666
4.389400	-0.609470	0.125295	0.004264	0.000000	1135.000000	0.346405	0.013414	0.019798
3.650425	-1.343248	0.129818	0.006003	0.000000	1285.000000	0.339806	0.011529	0.019446
5.241246	-0.125839	0.177219	0.007843	0.000000	1425.000000	0.166667	0.151144	0.074781
4.851484	-0.578391	0.140989	0.007843	0.000000	2480.000000	0.275862	0.111493	0.035518
4.187445	-1.206061	0.137178	0.022257	0.000000	970.000000	0.178082	0.093387	0.027551
4.222504	-1.240964	0.108885	0.025065	0.000000	1020.000000	0.184615	0.037657	-0.001004
5.978050	-0.193378	0.105693	0.011765	0.000000	345.000000	0.327731	0.008117	0.002470
5.478962	-0.588435	0.116119	0.011765	0.000000	3220.000000	0.386207	0.002284	0.010314
4.654479	-1.278618	0.119538	0.007843	0.000000	65.000000	0.344000	0.011019	0.009202
4.576663	-1.363221	0.112076	0.007843	0.000000	125.000000	0.345455	0.002953	0.001175
4.496470	-1.412306	0.119931	0.007843	0.000000	365.000000	0.438776	0.003169	0.008717
4.101973	-1.757030	0.117001	0.007843	0.000000	-575.000000	0.333333	0.013418	0.003516
4.071407	-1.778308	0.119002	0.007843	0.000000	1045.000000	0.180328	0.009087	0.005379
5.587862	-1.550109	0.138959	0.033042	0.000000	-390.000000	0.195652	0.002945	0.026313
5.330874	-1.542355	0.210424	0.056095	0.000000	-80.000000	0.166667	0.094904	0.097938
5.405766	-1.744237	0.113128	0.037502	0.000000	220.000000	0.194175	0.005639	-0.000813
5.203220	-1.885129	0.113857	0.026387	0.000000	-775.000000	0.197917	0.002343	-0.000995
5.939845	-1.968606	0.121739	0.054998	0.000000	775.000000	0.239669	0.100988	0.005988
5.518068	-2.306241	0.096336	0.034860	0.000000	1330.000000	0.241379	0.003170	-0.021623
4.336849	1.612713	0.091516	0.007843	0.000000	1660.000000	0.396396	0.007229	0.001744
4.212976	1.382957	0.093890	0.012961	0.000000	-1220.000000	0.175439	0.027886	0.002547
4.182541	1.335848	0.097390	0.014674	0.000000	325.000000	0.184211	0.034567	0.005727
4.056822	1.122612	0.104703	0.011132	0.000000	15.000000	0.223404	0.040011	0.011586
3.313177	-0.082121	0.129800	0.037260	0.000000	3170.000000	0.335260	0.072022	0.028481
3.288208	-0.174328	0.106511	0.040212	0.000000	2030.000000	0.274194	0.009319	0.004552
3.267529	-0.199875	0.109183	0.029875	0.000000	3250.000000	0.385093	0.013688	0.007052
2.944652	-0.640119	0.123789	0.057038	0.000000	-175.000000	0.184211	0.044870	0.018682
2.635500	-1.065228	0.116004	0.027854	0.000000	-510.000000	0.367347	0.013607	0.008022
2.637258	-1.085918	0.103717	0.030859	0.000000	-260.000000	0.190476	0.010165	-0.004410
2.622167	-1.102223	0.105092	0.029476	0.000000	40.000000	0.242424	0.082920	-0.003145
5.083515	2.147721	0.042290	0.010188	0.000000	-235.000000	0.189189	0.004534	-0.044012
4.832576	1.964597	0.128342	0.010701	0.000000	2135.000000	0.245098	0.104111	0.040849
4.532156	1.347742	0.093386	0.007548	0.000000	560.000000	0.217391	0.073589	0.001661
3.945711	0.441094	0.108954	0.027602	0.000000	200.000000	0.526316	0.019709	0.011068
3.769967	0.314299	0.166313	0.019005	0.000000	1610.000000	0.171875	0.112363	0.067603
3.572604	-0.118984	0.108456	0.022295	0.000000	1570.000000	0.260000	0.084234	0.006769
3.222044	-0.514641	0.151099	0.030723	0.000000	1405.000000	0.257353	0.087434	0.046762
3.253936	-0.535653	0.121577	0.028077	0.000000	-340.000000	0.350877	0.126489	0.017078
5.595402	2.272012	0.049765	0.028060	0.000000	1030.000000	0.276596	0.004507	-0.035875
5.569480	2.214603	0.043749	0.024674	0.000000	1565.000000	0.248000	0.003445	-0.042285
5.160452	1.722208	0.092758	0.037571	0.000000	295.000000	0.476744	0.005125	0.003415
5.125495	1.667302	0.092165	0.031095	0.000000	480.000000	0.360000	0.002648	0.002448
3.669941	-0.089160	0.227627	0.055371	0.000000	775.000000	0.341667	0.109628	0.126106
3.844190	-0.113115	0.118108	0.040894	0.000000	2300.000000	0.379562	0.053371	0.016348
3.823152	-0.141482	0.118022	0.042187	0.000000	1665.000000	0.214286	0.028842	0.016070
3.803804	-0.168723	0.117443	0.036721	0.000000	2200.000000	0.195122	0.017215	0.015306
3.463999	-0.533937	0.151872	0.044960	0.000000	2265.000000	0.221311	0.199687	0.047297
3.442604	-0.557027	0.153743	0.046256	0.000000	1710.000000	0.327273	0.048855	0.049013
3.492346	-0.579655	0.115084	0.051614	0.000000	1440.000000	0.384615	0.022517	0.010175
3.458590	-0.602197	0.124214	0.054277	0.000000	1425.000000	0.177632	0.040949	0.019159
5.606362	1.698487	0.092399	0.009503	0.000000	650.000000	0.357895	0.008274	0.002701
5.566769	1.640726	0.090844	0.010044	0.000000	150.000000	0.240000	0.003252	0.000754
4.518962	0.329827	0.118338	0.030352	0.000000	765.000000	0.250000	0.169114	0.019424
4.170761	-0.076145	0.131956	0.034290	0.000000	1155.000000	0.438462	0.151975	0.030320
3.386335	-1.042627	0.117353	0.049154	0.000000	-225.000000	0.272727	0.021456	0.009217
3.344587	-1.083706	0.120145	0.053310	0.000000	-380.000000	0.186047	0.018721	0.011736
4.932707	0.309523	0.106989	0.025970	0.000000	520.000000	0.237037	0.152215	0.007759
4.423743	-0.108036	0.176172	0.029630	0.000000	1970.000000	0.180328	0.216130	0.074203
4.493748	-0.188005	0.109289	0.028866	0.000000	385.000000	0.179688	0.002953	0.006727
4.121400	-0.577681	0.121014	0.071310	0.000000	1840.000000	0.166667	0.035766	0.015855
4.060821	-0.658744	0.114894	0.066391	0.000000	1275.000000	0.511364	0.019058	0.009187
4.081079	-0.686421	0.093250	0.066316	0.000000	255.000000	0.297297	0.010754	-0.012660
3.650291	-1.124390	0.105657	0.058483	0.000000	-20.000000	0.222222	0.030422	-0.003168
3.611208	-1.143968	0.115474	0.060502	0.000000	-335.000000	0.244444	0.029814	0.006527
3.339767	-1.194777	0.221689	0.077515	0.000000	2600.000000	0.358974	0.122132	0.112494
3.447399	-1.289025	0.127950	0.049333	0.000000	1060.000000	0.307692	0.020087	0.018046
4.942411	-0.085994	0.145364	0.007843	0.000000	2925.000000	0.262887	0.060546	0.043334
4.513698	-0.574783	0.125529	0.005376	0.000000	1460.000000	0.256410	0.096664	0.020225
4.483442	-0.605459	0.125611	0.004725	0.000000	2210.000000	0.418182	0.013101	0.020103
4.461235	-0.664586	0.110155	0.003922	0.000000	1030.000000	0.285714	0.021011	0.004239
3.782873	-1.323590	0.119659	0.003922	0.000000	315.000000	0.173077	0.010274	0.009371
4.973166	-0.605441	0.118796	0.007843	0.000000	2035.000000	0.341667	0.022794	0.013083
4.248553	-1.140952	0.176312	0.016786	0.000000	-215.000000	0.234043	0.193691	0.067118
4.256413	-1.200559	0.148278	0.014332	0.000000	-190.000000	0.255814	0.111726	0.038660
4.060663	-1.199498	0.224629	0.030110	0.000000	-760.000000	0.444444	0.177680	0.115099
5.926568	-0.082277	0.203521	0.011765	0.000000	1515.000000	0.346154	0.098750	0.101103
5.562212	-0.582583	0.123407	0.011765	0.000000	190.000000	0.371429	0.005510	0.017609
4.758276	-1.277742	0.116763	0.007843	0.000000	-460.000000	0.168421	0.012976	0.006390
4.734881	-1.306921	0.112971	0.007843	0.000000	-35.000000	0.370079	0.010178	0.002402
4.676712	-1.362420	0.110484	0.007843	0.000000	1070.000000	0.400000	0.002225	-0.000453
4.174131	-1.782004	0.114086	0.007843	0.000000	980.000000	0.444444	0.003872	0.000395
4.141794	-1.802484	0.117007	0.007843	0.000000	165.000000	0.294118	0.005617	0.003185
4.107231	-1.822987	0.120681	0.007843	0.000000	1950.000000	0.233766	0.006642	0.006728
5.465631	-1.771987	0.113971	0.024838	0.000000	1980.000000	0.240000	0.006996	-0.000191
5.321423	-1.852144	0.121958	0.025972	0.000000	815.000000	0.231481	0.001416	0.007289
5.587807	-2.337977	0.093603	0.045781	0.000000	1340.000000	0.285714	0.004159	-0.024609
5.516243	-2.356840	0.103405	0.041711	0.000000	590.000000	0.333333	0.002231	-0.014911
5.470833	-2.381337	0.105203	0.038619	0.000000	-625.000000	0.373737	0.001663	-0.013268
4.267023	1.339132	0.098454	0.007843	0.000000	-760.000000	0.183007	0.011629	0.006779
4.173535	1.261573	0.131959	0.007843	0.000000	-680.000000	0.307692	0.063410	0.039774
4.171841	1.169387	0.101087	0.007843	0.000000	1225.000000	0.339806	0.038230	0.008252
3.396683	-0.125056	0.110334	0.024277	0.000000	2345.000000	0.359477	0.091445	0.008677
3.396702	-0.147241	0.100624	0.029006	0.000000	1935.000000	0.416058	0.018434	-0.001189
3.084121	-0.578060	0.114438	0.047558	0.000000	2125.000000	0.393333	0.030247	0.009711
3.076391	-0.598699	0.109760	0.048390	0.000000	1390.000000	0.427350	0.013694	0.004890
5.211154	2.217649	0.041227	0.014079	0.000000	250.000000	0.325000	0.003328	-0.044636
5.163142	2.148095	0.046145	0.012158	0.000000	175.000000	0.182796	0.004443	-0.040189
5.064786	2.052600	0.071862	0.014624	0.000000	1550.000000	0.340000	0.028489	-0.015106
4.815038	1.690196	0.095716	0.018852	0.000000	845.000000	0.443299	0.004578	0.006291
4.795710	1.645310	0.091619	0.017314	0.000000	920.000000	0.271845	0.003349	0.001886
4.601683	1.343266	0.100869	0.007520	0.000000	255.000000	0.171875	0.018932	0.009082
4.524309	1.274886	0.122714	0.007357	0.000000	-505.000000	0.260417	0.062856	0.030476
4.498808	1.198748	0.110560	0.006314	0.000000	2080.000000	0.392857	0.050575	0.017795
4.484651	1.161227	0.105438	0.005782	0.000000	1285.000000	0.253623	0.084904	0.012414
4.452251	1.084929	0.097056	0.011920	0.000000	-70.000000	0.178571	0.054066	0.003507
4.007932	0.410409	0.109646	0.032739	0.000000	190.000000	0.203125	0.017318	0.011517
3.650414	-0.118579	0.111464	0.017467	0.000000	1445.000000	0.172727	0.174119	0.009747
3.422197	-0.442218	0.110385	0.041643	0.000000	-165.000000	0.173077	0.025491	0.006477
3.351778	-0.468128	0.142466	0.036454	0.000000	-80.000000	0.173913	0.154863	0.038403
3.242099	-0.494356	0.198843	0.050590	0.000000	1870.000000	0.409836	0.058343	0.094640
5.660807	2.221427	0.043546	0.028893	0.000000	-355.000000	0.170732	0.003461	-0.042478
4.867599	1.265069	0.134438	0.014845	0.000000	200.000000	0.269231	0.041928	0.041986
4.855813	1.159488	0.101468	0.010521	0.000000	795.000000	0.225806	0.032027	0.008276
4.749557	1.018445	0.107386	0.016509	0.000000	725.000000	0.252033	0.009643	0.013242
4.718121	0.974168	0.108075	0.023341	0.000000	55.000000	0.347458	0.009498	0.013631
4.366245	0.465458	0.107172	0.026329	0.000000	-295.000000	0.237500	0.018685	0.009281
4.267401	0.410414	0.140974	0.040730	0.000000	1740.000000	0.205128	0.101898	0.042735
3.892055	-0.142273	0.125469	0.033817	0.000000	2075.000000	0.318966	0.058826	0.023483
3.694822	-0.431656	0.112262	0.032387	0.000000	-310.000000	0.181818	0.012346	0.008313
3.616911	-0.530114	0.112921	0.037795	0.000000	-605.000000	0.242857	0.015318	0.008310
3.526460	-0.625352	0.121651	0.062862	0.000000	1485.000000	0.331169	0.026020	0.016405
3.500957	-0.648459	0.125717	0.062057	0.000000	1165.000000	0.166667	0.028022	0.020318
2.967298	-1.271360	0.132779	0.033394	0.000000	-105.000000	0.257143	0.027357	0.023202
5.644257	1.641656	0.095560	0.008479	0.000000	1885.000000	0.686047	0.004716	0.005445
5.338915	1.286884	0.116516	0.008595	0.000000	-560.000000	0.178571	0.023719	0.024021
4.622320	0.366139	0.122880	0.014679	0.000000	1810.000000	0.378788	0.096103	0.024180
4.497585	0.308606	0.164267	0.021244	0.000000	1440.000000	0.339623	0.254433	0.065212
4.491478	0.277151	0.154590	0.018341	0.000000	1135.000000	0.317829	0.163808	0.055315
3.430269	-1.107036	0.106855	0.045005	0.000000	75.000000	0.228261	0.018283	-0.001755
3.304842	-1.226868	0.116025	0.042695	0.000000	-295.000000	0.193878	0.013379	0.006621
5.704348	1.128983	0.112378	0.011215	0.000000	-175.000000	0.215909	0.040132	0.018614
5.031093	0.347802	0.115879	0.029583	0.000000	980.000000	0.350877	0.073598	0.016878
4.997530	0.307372	0.115217	0.028901	0.000000	855.000000	0.478992	0.056726	0.015944
4.182064	-0.603533	0.120138	0.064862	0.000000	1295.000000	0.183824	0.019528	0.014771
3.528694	-1.287750	0.128293	0.047378	0.000000	2645.000000	0.413333	0.051145	0.018365
3.522913	-1.312940	0.119577	0.048869	0.000000	20.000000	0.337349	0.038441	0.009473
3.510885	-1.334750	0.115360	0.049925	0.000000	55.000000	0.309091	0.020812	0.005107
3.478119	-1.352326	0.122875	0.043262	0.000000	-405.000000	0.584416	0.020844	0.012511
5.474277	0.317621	0.119456	0.007843	0.000000	515.000000	0.333333	0.020862	0.020055
5.452982	0.279336	0.112846	0.007843	0.000000	425.000000	0.355372	0.013816	0.013184
5.094260	-0.076828	0.119779	0.007843	0.000000	1075.000000	0.310606	0.040632	0.017750
4.615183	-0.573586	0.117882	0.006873	0.000000	1755.000000	0.375000	0.049596	0.012544
4.162445	-1.039490	0.114207	0.003922	0.000000	-140.000000	0.173913	0.012964	0.005767
3.862470	-1.321837	0.121000	0.005203	0.000000	45.000000	0.230769	0.008906	0.010691
3.845026	-1.344715	0.118523	0.003922	0.000000	2180.000000	0.634146	0.002601	0.008060
3.775438	-1.411221	0.119357	0.009922	0.000000	-590.000000	0.322034	0.006757	0.008453
5.109375	-0.570253	0.112822	0.008923	0.000000	800.000000	0.175824	0.021264	0.007301
4.330532	-1.255962	0.127844	0.015902	0.000000	1520.000000	0.493827	0.064418	0.017804
4.341508	-1.288203	0.110029	0.017416	0.000000	155.000000	0.416667	0.011432	-0.000243
4.282747	-1.306918	0.124938	0.013415	0.000000	650.000000	0.169492	0.005271	0.014558
5.610796	-0.616708	0.121470	0.011765	0.000000	1625.000000	0.426357	0.012299	0.015410
5.095155	-1.076429	0.110894	0.007843	0.000000	275.000000	0.194030	0.057693	0.001802
4.840166	-1.308717	0.104060	0.007843	0.000000	-1000.000000	0.565217	0.003125	-0.006566
4.796420	-1.334555	0.108630	0.007843	0.000000	575.000000	0.310924	0.004848	-0.002161
4.752929	-1.358842	0.113760	0.007843	0.000000	2095.000000	0.563830	0.002123	0.002816
4.719739	-1.386341	0.114012	0.007843	0.000000	565.000000	0.406977	0.001775	0.002887
4.535045	-1.539753	0.115389	0.007843	0.000000	-200.000000	0.166667	0.069325	0.003258
4.370842	-1.533226	0.174847	0.007843	0.000000	-150.000000	0.187500	0.179721	0.062830
4.362444	-1.686249	0.115556	0.007843	0.000000	-140.000000	0.175439	0.116965	0.002462
4.169989	-1.845884	0.117447	0.007843	0.000000	-35.000000	0.297297	0.003819	0.003306
5.623441	-1.710678	0.117053	0.028199	0.000000	-40.000000	0.192771	0.004007	0.003258
5.645485	-2.329384	0.101803	0.047087	0.000000	505.000000	0.443038	0.003367	-0.016374
5.621327	-2.362488	0.095551	0.042880	0.000000	740.000000	0.606061	0.002689	-0.022848
5.564928	-2.383802	0.100995	0.046490	0.000000	860.000000	0.307692	0.001779	-0.017532
4.359590	1.341583	0.090688	0.007843	0.000000	-800.000000	0.205128	0.062151	-0.001009
4.138919	1.084657	0.143700	0.009060	0.000000	2165.000000	0.416667	0.064226	0.050279
3.752287	0.303547	0.104180	0.029619	0.000000	675.000000	0.226027	0.084138	0.005403
3.396149	-0.098134	0.175161	0.018498	0.000000	-85.000000	0.228070	0.202225	0.073693
3.166023	-0.561647	0.119950	0.044242	0.000000	1475.000000	0.183824	0.029102	0.015305
3.171793	-0.581732	0.106446	0.045923	0.000000	1565.000000	0.507576	0.034920	0.001657
4.899604	1.688720	0.092364	0.018068	0.000000	1070.000000	0.314815	0.004237	0.002894
4.141813	0.475379	0.101847	0.019911	0.000000	-560.000000	0.166667	0.014504	0.004120
3.977043	0.350030	0.152992	0.033441	0.000000	1705.000000	0.391667	0.142254	0.054448
3.995733	0.328586	0.132903	0.029771	0.000000	2760.000000	0.387097	0.190108	0.034200
3.280193	-0.521317	0.211708	0.053456	0.000000	2105.000000	0.423077	0.154368	0.107297
3.266256	-0.542098	0.210829	0.052024	0.000000	920.000000	0.277778	0.174204	0.106278
5.279527	1.660859	0.096363	0.050802	0.000000	345.000000	0.270000	0.009241	0.006536
5.237060	1.604188	0.099168	0.048668	0.000000	875.000000	0.451219	0.008451	0.008959
4.861638	1.058869	0.104748	0.023749	0.000000	595.000000	0.519608	0.058469	0.010842
4.392004	0.417852	0.118447	0.050555	0.000000	2440.000000	0.379310	0.028585	0.020209
4.253922	0.354742	0.171103	0.059502	0.000000	-140.000000	0.181818	0.175058	0.072476
4.182201	0.282425	0.182426	0.058794	0.000000	1130.000000	0.290598	0.212736	0.083317
3.927644	-0.126739	0.156954	0.024171	0.000000	1285.000000	0.382114	0.063922	0.055061
4.000232	-0.142690	0.108759	0.025829	0.000000	1890.000000	0.285714	0.014376	0.006724
3.630531	-0.582751	0.126617	0.055130	0.000000	1230.000000	0.245902	0.016087	0.021627
3.609491	-0.629022	0.117666	0.061521	0.000000	165.000000	0.408000	0.008484	0.012359
3.211263	-1.113771	0.116757	0.047779	0.000000	-545.000000	0.186813	0.022834	0.008191
4.791261	0.443876	0.108254	0.016344	0.000000	965.000000	0.287037	0.011369	0.010032
4.541962	0.295927	0.177516	0.027014	0.000000	-280.000000	0.183908	0.211400	0.078351
4.403448	-0.041831	0.109801	0.026051	0.000000	720.000000	0.237624	0.075197	0.008310
4.321989	-0.135607	0.112773	0.033942	0.000000	1280.000000	0.314607	0.022213	0.010653
3.973770	-0.531036	0.124426	0.043910	0.000000	1420.000000	0.565657	0.135202	0.019658
5.744103	1.073632	0.109919	0.013010	0.000000	650.000000	0.309091	0.058957	0.015748
4.923076	0.303707	0.187202	0.037807	0.000000	975.000000	0.282051	0.152273	0.087933
4.680243	-0.099621	0.135370	0.039678	0.000000	1710.000000	0.328125	0.082459	0.033354
4.289566	-0.581053	0.116692	0.042634	0.000000	2475.000000	0.370130	0.015205	0.011438
4.277752	-0.609262	0.110126	0.052665	0.000000	2055.000000	0.312500	0.015651	0.004678
3.603712	-1.292970	0.128010	0.059400	0.000000	1385.000000	0.319588	0.036795	0.018013
3.558551	-1.357649	0.119952	0.062646	0.000000	275.000000	0.342466	0.012790	0.009517
3.534170	-1.377015	0.122662	0.055467	0.000000	-220.000000	0.355556	0.016426	0.012101
5.578907	0.317133	0.109242	0.007843	0.000000	480.000000	0.380952	0.013723	0.009795
5.194201	-0.046482	0.124254	0.007843	0.000000	590.000000	0.250000	0.096906	0.022398
5.168851	-0.082251	0.120269	0.007843	0.000000	1125.000000	0.443478	0.111385	0.018171
4.698514	-0.578977	0.114402	0.006033	0.000000	530.000000	0.259542	0.032838	0.008991
4.148024	-1.089761	0.133257	0.012279	0.000000	-70.000000	0.250000	0.007600	0.024468
3.919916	-1.350472	0.118168	0.003922	0.000000	920.000000	0.764706	0.002561	0.007633
3.890134	-1.370495	0.122211	0.003922	0.000000	210.000000	0.276923	0.001818	0.011547
3.872230	-1.393565	0.119820	0.003922	0.000000	585.000000	0.267327	0.002952	0.008999
5.641031	-0.073048	0.145139	0.007843	0.000000	-315.000000	0.278351	0.121850	0.042907
5.701800	-0.102695	0.109294	0.007843	0.000000	2060.000000	0.373832	0.029986	0.006828
5.658881	-0.141889	0.109658	0.007843	0.000000	225.000000	0.188811	0.013286	0.006933
5.168521	-0.576547	0.118832	0.011062	0.000000	895.000000	0.219697	0.042635	0.013241
5.109872	-0.610172	0.127526	0.012259	0.000000	115.000000	0.242857	0.023693	0.021722
4.212390	-1.174909	0.238895	0.053687	0.000000	670.000000	0.186667	0.125645	0.129475
4.393732	-1.288545	0.120897	0.018607	0.000000	1205.000000	0.367521	0.012351	0.010601
4.356292	-1.341220	0.113235	0.018811	0.000000	420.000000	0.285714	0.010098	0.002582
5.692376	-0.623342	0.119058	0.011765	0.000000	1625.000000	0.298077	0.012530	0.012917
4.857118	-1.337580	0.114602	0.007843	0.000000	-470.000000	0.305882	0.002098	0.003764
4.835234	-1.366493	0.110370	0.007843	0.000000	1530.000000	0.291667	0.001456	-0.000662
4.793434	-1.390587	0.114972	0.007843	0.000000	50.000000	0.231579	0.001594	0.003786
4.762196	-1.417243	0.114901	0.007843	0.000000	-1005.000000	0.368421	0.001889	0.003540
4.615245	-1.547075	0.112782	0.007843	0.000000	-375.000000	0.187500	0.083588	0.000566
4.333698	-1.542993	0.211732	0.007843	0.000000	-70.000000	0.208333	0.117822	0.099660
4.295156	-1.563395	0.216765	0.007843	0.000000	-295.000000	0.166667	0.160938	0.104565
5.677952	-1.712816	0.124046	0.019728	0.000000	-235.000000	0.179487	0.002533	0.010212
5.706366	-2.372655	0.091874	0.032748	0.000000	-370.000000	0.268293	0.006371	-0.026633
5.646014	-2.393489	0.098389	0.034609	0.000000	-25.000000	0.352113	0.005702	-0.020241
4.526595	1.534341	0.099419	0.007843	0.000000	1930.000000	0.442478	0.118496	0.009015
4.434365	1.325721	0.088026	0.007843	0.000000	1035.000000	0.263158	0.152242	-0.003814
4.330339	1.152109	0.094893	0.007843	0.000000	2500.000000	0.430769	0.030890	0.001870
3.898786	0.411598	0.102859	0.021041	0.000000	-155.000000	0.239130	0.015897	0.004783
3.557338	-0.138465	0.103161	0.019594	0.000000	2035.000000	0.224806	0.022986	0.001342
3.229879	-0.490074	0.164919	0.046634	0.000000	-285.000000	0.176471	0.056732	0.060752
3.287956	-0.508242	0.117203	0.048076	0.000000	-365.000000	0.445652	0.080273	0.012884
3.268205	-0.550277	0.110658	0.050925	0.000000	1695.000000	0.530769	0.055041	0.006050
5.369718	2.275730	0.060822	0.024165	0.000000	1410.000000	0.466667	0.006410	-0.024697
5.342752	2.177359	0.043978	0.021471	0.000000	-270.000000	0.181818	0.003332	-0.042224
4.954385	1.624609	0.084717	0.014825	0.000000	1625.000000	0.310000	0.007135	-0.005229
4.800710	1.512595	0.136846	0.022707	0.000000	880.000000	0.376471	0.055714	0.046171
4.777198	1.365255	0.098955	0.024089	0.000000	1710.000000	0.195349	0.032828	0.007250
4.752390	1.320542	0.097818	0.020386	0.000000	-970.000000	0.242857	0.033937	0.005807
4.611721	1.097669	0.101591	0.009709	0.000000	540.000000	0.318584	0.041247	0.008064
4.559274	1.045412	0.113970	0.011639	0.000000	1415.000000	0.445455	0.042823	0.020096
3.642364	-0.113209	0.217430	0.028636	0.000000	1575.000000	0.188571	0.205339	0.115751
3.694881	-0.127143	0.178993	0.022491	0.000000	2485.000000	0.173267	0.103557	0.077194
3.409201	-0.550599	0.168190	0.011072	0.000000	1840.000000	0.343558	0.068912	0.063520
3.471521	-0.571073	0.119970	0.016364	0.000000	1995.000000	0.469388	0.060854	0.015130
3.472265	-0.593173	0.109272	0.020071	0.000000	1240.000000	0.325926	0.019202	0.004276
5.378994	1.653653	0.083083	0.041105	0.000000	1935.000000	0.330882	0.009150	-0.006836
5.137304	1.326106	0.096429	0.015836	0.000000	540.000000	0.186529	0.007368	0.004296
4.962742	1.086604	0.103777	0.016879	0.000000	2540.000000	0.300752	0.011894	0.010025
4.469285	0.403803	0.114869	0.039291	0.000000	1420.000000	0.543689	0.048996	0.016499
4.077648	-0.129129	0.116771	0.044827	0.000000	1830.000000	0.461538	0.100780	0.014800
4.070642	-0.155587	0.109468	0.047973	0.000000	2480.000000	0.374101	0.005733	0.007313
4.044123	-0.183717	0.112547	0.044108	0.000000	2240.000000	0.322981	0.005817	0.010204
3.740747	-0.569942	0.116025	0.045538	0.000000	3290.000000	0.445860	0.044498	0.011080
3.334363	-1.087688	0.106068	0.037420	0.000000	-260.000000	0.277778	0.021434	-0.002365
3.234812	-1.180283	0.117430	0.031015	0.000000	270.000000	0.257143	0.031939	0.008385
3.111446	-1.305927	0.124909	0.039645	0.000000	-30.000000	0.193548	0.028456	0.015027
3.070538	-1.360555	0.120522	0.037760	0.000000	955.000000	0.308511	0.015838	0.010272
5.802958	1.617621	0.088108	0.007843	0.000000	850.000000	0.346667	0.002492	-0.002243
5.447151	1.174382	0.100652	0.008829	0.000000	1275.000000	0.394737	0.042705	0.007317
5.405370	1.123084	0.102229	0.010372	0.000000	355.000000	0.167630	0.043212	0.008549
4.800048	0.382233	0.121122	0.024374	0.000000	35.000000	0.289062	0.046100	0.022461
4.013248	-0.594496	0.118955	0.053633	0.000000	1660.000000	0.565657	0.066967	0.013722
3.277420	-1.180229	0.236350	0.085592	0.000000	365.000000	0.250000	0.182219	0.127284
5.718216	1.022160	0.140389	0.017876	0.000000	1840.000000	0.523364	0.078288	0.045864
5.273668	0.410341	0.103975	0.017408	0.000000	2980.000000	0.318841	0.048299	0.005314
4.820084	-0.106849	0.105386	0.031440	0.000000	2330.000000	0.414286	0.118385	0.003261
4.382206	-0.593786	0.106817	0.043792	0.000000	2290.000000	0.480769	0.009829	0.001435
4.336102	-0.621363	0.116842	0.047930	0.000000	1260.000000	0.400000	0.015039	0.011284
5.149428	-0.076069	0.167474	0.007843	0.000000	835.000000	0.418367	0.226264	0.065426
4.726280	-0.505317	0.169954	0.006103	0.000000	1865.000000	0.288591	0.100182	0.065051
4.792548	-0.532837	0.129848	0.006309	0.000000	455.000000	0.327434	0.100022	0.024724
4.266062	-1.107478	0.111373	0.012217	0.000000	-725.000000	0.246377	0.047074	0.002410
4.012393	-1.125685	0.212541	0.036329	0.000000	1020.000000	0.369231	0.178913	0.103553
4.044781	-1.184280	0.173284	0.025593	0.000000	965.000000	0.166667	0.103576	0.063869
3.950290	-1.405291	0.117735	0.013947	0.000000	-250.000000	0.472222	0.003708	0.006799
3.606119	-1.551359	0.201081	0.011583	0.000000	-320.000000	0.347826	0.075276	0.089256
5.350616	-0.491562	0.117115	0.007843	0.000000	-320.000000	0.173913	0.135021	0.012049
5.225318	-0.625654	0.109809	0.009771	0.000000	565.000000	0.552941	0.014440	0.003848
4.453760	-1.329899	0.113834	0.007843	0.000000	325.000000	0.376344	0.006191	0.003220
4.427042	-1.353925	0.114063	0.007843	0.000000	1180.000000	0.516129	0.005081	0.003290
4.403856	-1.378301	0.112792	0.007843	0.000000	1200.000000	0.413793	0.005720	0.001857
3.841341	-1.660982	0.210960	0.057425	0.000000	1330.000000	0.208955	0.131298	0.098261
3.963922	-1.757041	0.123115	0.031534	0.000000	2350.000000	0.320988	0.025396	0.009688
5.742897	-0.677034	0.110109	0.011765	0.000000	2080.000000	0.182857	0.010304	0.003568
5.303154	-1.070635	0.100394	0.007843	0.000000	-275.000000	0.234043	0.001211	-0.008744
4.900597	-1.378920	0.113388	0.007843	0.000000	115.000000	0.232000	0.002217	0.002240
4.880074	-1.408481	0.108430	0.007843	0.000000	320.000000	0.525253	0.002551	-0.002918
4.810312	-1.459019	0.111925	0.007843	0.000000	425.000000	0.390909	0.002364	0.000249
4.366106	-1.635271	0.193568	0.020363	0.000000	1415.000000	0.190840	0.140342	0.080831
4.367357	-1.818932	0.118811	0.007843	0.000000	480.000000	0.272727	0.002657	0.004778
5.655632	-1.822537	0.113465	0.029325	0.000000	1485.000000	0.197368	0.002397	-0.001134
5.592422	-1.844712	0.121832	0.028985	0.000000	-860.000000	0.484848	0.003465	0.007102
5.917434	-2.270258	0.103115	0.049516	0.000000	-400.000000	0.205128	0.002189	-0.014757
5.904874	-2.306741	0.092918	0.045781	0.000000	230.000000	0.693878	0.005056	-0.025207
5.867607	-2.337768	0.090368	0.043100	0.000000	1615.000000	0.246377	0.007670	-0.027961
5.722891	-2.412529	0.097055	0.034787	0.000000	-855.000000	0.406250	0.006853	-0.021741
4.635962	1.567661	0.084866	0.007843	0.000000	2100.000000	0.494845	0.005167	-0.005349
4.381111	1.124939	0.098012	0.008878	0.000000	-725.000000	0.180851	0.012637	0.004775
4.011243	0.459472	0.094939	0.019225	0.000000	1755.000000	0.405405	0.018315	-0.002844
3.972396	0.421266	0.105743	0.024241	0.000000	730.000000	0.368932	0.020508	0.007705
3.927513	0.334373	0.101296	0.026440	0.000000	85.000000	0.343284	0.056165	0.002663
3.628954	-0.107603	0.117959	0.035770	0.000000	1435.000000	0.226667	0.110233	0.016328
3.632493	-0.129244	0.106204	0.034489	0.000000	1215.000000	0.300000	0.089295	0.004419
3.367969	-0.478443	0.127585	0.052261	0.000000	-140.000000	0.181818	0.082868	0.023443
3.248989	-0.503550	0.196239	0.076683	0.000000	1900.000000	0.421053	0.058128	0.091967
5.439257	2.249570	0.050054	0.009855	0.000000	1225.000000	0.353535	0.007346	-0.035679
4.986377	1.583574	0.091776	0.009479	0.000000	1155.000000	0.185841	0.035560	0.001527
4.923017	1.516913	0.106251	0.014190	0.000000	1240.000000	0.453608	0.103049	0.015556
4.147126	0.380080	0.153809	0.024924	0.000000	2460.000000	0.372093	0.202618	0.055406
4.214546	0.372432	0.109418	0.018812	0.000000	1165.000000	0.191667	0.127113	0.010933
3.856929	-0.174510	0.103547	0.031430	0.000000	2410.000000	0.526316	0.024317	0.001348
3.600881	-0.493835	0.121119	0.033622	0.000000	-15.000000	0.214286	0.011831	0.016771
3.552278	-0.582553	0.110661	0.028232	0.000000	1955.000000	0.357664	0.012779	0.005706
3.534257	-0.604681	0.111642	0.028208	0.000000	1090.000000	0.641026	0.014966	0.006539
3.507601	-0.626552	0.118052	0.029638	0.000000	450.000000	0.378378	0.039175	0.012804
3.153394	-1.080998	0.117282	0.029430	0.000000	880.000000	0.293578	0.026445	0.008972
3.041918	-1.182526	0.134165	0.030699	0.000000	110.000000	0.227273	0.029045	0.025184
3.057323	-1.207544	0.111679	0.026981	0.000000	-200.000000	0.181818	0.030828	0.002516
5.907651	2.310274	0.062631	0.015354	0.000000	-170.000000	0.298851	0.007534	-0.022870
5.841142	2.145757	0.041340	0.012219	0.000000	830.000000	0.404762	0.004084	-0.045294
5.344772	1.582396	0.112752	0.052075	0.000000	-210.000000	0.166667	0.010266	0.022343
5.085786	1.152703	0.098072	0.011519	0.000000	2270.000000	0.414286	0.056390	0.004736
4.112871	-0.072869	0.161609	0.030674	0.000000	1755.000000	0.330882	0.193883	0.060019
4.147550	-0.144004	0.111771	0.026620	0.000000	2160.000000	0.390244	0.085722	0.009666
3.918360	-0.436836	0.115800	0.030684	0.000000	-125.000000	0.175258	0.015778	0.011721
3.445507	-1.037135	0.109975	0.036020	0.000000	395.000000	0.178082	0.032157	0.001852
3.179207	-1.336926	0.114056	0.042718	0.000000	30.000000	0.206897	0.017797	0.003927
5.960288	1.753654	0.092024	0.007843	0.000000	-300.000000	0.527473	0.003455	0.002567
5.891925	1.642210	0.085051	0.007843	0.000000	945.000000	0.214286	0.007098	-0.005164
5.513003	1.187028	0.105813	0.009767	0.000000	675.000000	0.384615	0.034337	0.012540
5.489182	1.141903	0.100684	0.009767	0.000000	390.000000	0.451613	0.047393	0.007103
4.601016	0.021558	0.112944	0.025138	0.000000	185.000000	0.378049	0.046863	0.011818
4.478099	-0.136288	0.111011	0.049309	0.000000	600.000000	0.466019	0.062486	0.008822
4.096720	-0.582730	0.118536	0.050505	0.000000	2275.000000	0.294444	0.010303	0.013352
4.048817	-0.632669	0.121630	0.052582	0.000000	695.000000	0.305785	0.020201	0.016113
4.026415	-0.657537	0.122381	0.055987	0.000000	855.000000	0.581633	0.015995	0.016697
3.679941	-1.090572	0.107644	0.057760	0.000000	-140.000000	0.235294	0.018590	-0.000954
3.662349	-1.111296	0.107231	0.062346	0.000000	-275.000000	0.186441	0.024917	-0.001506
3.634113	-1.131042	0.112769	0.066009	0.000000	-170.000000	0.202899	0.034659	0.003904
3.476604	-1.287997	0.121120	0.047239	0.000000	525.000000	0.300000	0.033551	0.011212
3.454839	-1.305913	0.123948	0.047297	0.000000	1895.000000	0.384615	0.020073	0.013922
5.885531	1.069328	0.111025	0.011692	0.000000	1505.000000	0.514019	0.035254	0.016764
5.232884	0.335425	0.124838	0.028282	0.000000	-50.000000	0.236364	0.162263	0.025665
5.239527	0.305103	0.109331	0.032322	0.000000	2685.000000	0.372263	0.080457	0.009941
4.840531	-0.159304	0.106893	0.042320	0.000000	-770.000000	0.250000	0.024338	0.004388
4.417903	-0.608919	0.117443	0.049103	0.000000	2500.000000	0.412121	0.012576	0.011939
4.397057	-0.636070	0.115677	0.049342	0.000000	405.000000	0.262136	0.022119	0.009989
3.985345	-1.104696	0.106474	0.048465	0.000000	-385.000000	0.185714	0.051364	-0.002352
3.758556	-1.317419	0.118631	0.055858	0.000000	935.000000	0.216667	0.011427	0.008397
3.725355	-1.360236	0.114948	0.061121	0.000000	-235.000000	0.179487	0.007200	0.004425
5.724500	0.350894	0.125102	0.007843	0.000000	810.000000	0.371681	0.062499	0.025831
5.276833	-0.086914	0.137455	0.007843	0.000000	-495.000000	0.464286	0.067153	0.035278
5.293940	-0.118320	0.117052	0.007843	0.000000	1910.000000	0.315068	0.070037	0.014647
5.275623	-0.152706	0.110679	0.007843	0.000000	-825.000000	0.375000	0.064494	0.008039
4.836394	-0.579385	0.121542	0.004853	0.000000	1260.000000	0.327273	0.110244	0.016070
4.372900	-1.042406	0.124569	0.003922	0.000000	-105.000000	0.180000	0.018776	0.016020
4.041978	-1.132516	0.228327	0.036944	0.000000	735.000000	0.300000	0.108632	0.119278
4.023218	-1.181509	0.215260	0.034400	0.000000	1805.000000	0.231707	0.148525	0.105873
5.269141	-0.642145	0.112520	0.008883	0.000000	435.000000	0.463918	0.017721	0.006424
5.247564	-0.674507	0.107459	0.009151	0.000000	-660.000000	0.321429	0.012045	0.001143
4.514802	-1.341350	0.113363	0.012508	0.000000	1070.000000	0.409639	0.003599	0.002643
4.466342	-1.390540	0.111524	0.007843	0.000000	5.000000	0.431818	0.003040	0.000477
3.891411	-1.666891	0.217902	0.032717	0.000000	520.000000	0.289855	0.127286	0.105140
5.957642	-0.551032	0.110436	0.011765	0.000000	740.000000	0.373832	0.022076	0.004695
5.900395	-0.587932	0.115085	0.011765	0.000000	2620.000000	0.368421	0.020412	0.009107
4.380388	-1.633400	0.214515	0.007843	0.000000	1085.000000	0.436620	0.196222	0.101784
5.694081	-1.833609	0.117091	0.027383	0.000000	2800.000000	0.376471	0.006334	0.002397
5.620210	-1.891260	0.115017	0.024340	0.000000	170.000000	0.244444	0.005142	-0.000053
5.964260	-2.322338	0.089265	0.044883	0.000000	290.000000	0.707317	0.018135	-0.028995
5.912616	-2.348141	0.091969	0.045563	0.000000	480.000000	0.169014	0.013742	-0.026451
5.755241	-2.417852	0.103629	0.045516	0.000000	-175.000000	0.452632	0.023683	-0.015218
5.084200	2.177346	0.045298	0.007843	0.000000	-200.000000	0.216216	0.004922	-0.040796
4.578159	1.332155	0.092654	0.007843	0.000000	-575.000000	0.228758	0.022600	0.000799
4.474599	1.189768	0.110546	0.007843	0.000000	830.000000	0.306306	0.086147	0.017727
4.434813	1.081360	0.098539	0.009064	0.000000	750.000000	0.253521	0.115637	0.004972
4.024063	0.361791	0.100588	0.033696	0.000000	2280.000000	0.358209	0.061757	0.002109
3.280267	-0.545588	0.209540	0.063250	0.000000	2185.000000	0.440298	0.154426	0.104958
3.346145	-0.564055	0.156280	0.051663	0.000000	1770.000000	0.217391	0.157018	0.051541
3.400081	-0.583692	0.110516	0.049022	0.000000	3270.000000	0.283019	0.028232	0.005617
3.017822	-1.088608	0.113398	0.050403	0.000000	435.000000	0.265823	0.035744	0.005092
5.480738	2.184432	0.049002	0.016074	0.000000	1410.000000	0.328125	0.003203	-0.037208
5.118015	1.678964	0.092472	0.016425	0.000000	1490.000000	0.425926	0.027132	0.002841
4.740379	1.098885	0.113357	0.007249	0.000000	2305.000000	0.212121	0.011133	0.019785
4.325119	0.432040	0.113724	0.015698	0.000000	2705.000000	0.528846	0.017933	0.015615
4.318126	0.403920	0.106902	0.015241	0.000000	1845.000000	0.329268	0.036092	0.008597
4.218703	0.323467	0.135929	0.021972	0.000000	1385.000000	0.518868	0.110469	0.037097
3.582994	-0.628042	0.120565	0.030149	0.000000	1030.000000	0.534483	0.014360	0.015275
3.223713	-1.081463	0.123753	0.032025	0.000000	-420.000000	0.558140	0.022581	0.015411
3.215061	-1.121832	0.108599	0.038823	0.000000	-525.000000	0.191489	0.020973	-0.000025
3.140631	-1.189629	0.119757	0.038163	0.000000	-35.000000	0.171875	0.017913	0.010685
5.566506	1.723482	0.084008	0.035782	0.000000	275.000000	0.342593	0.012600	-0.005496
5.473907	1.603750	0.091899	0.049178	0.000000	1265.000000	0.228916	0.009676	0.001587
4.573625	0.345533	0.117138	0.033818	0.000000	1120.000000	0.329897	0.060945	0.018312
4.530628	0.307094	0.126011	0.040420	0.000000	1475.000000	0.457944	0.189013	0.026932
3.958421	-0.488432	0.116069	0.042145	0.000000	-235.000000	0.175000	0.073956	0.011609
3.486005	-1.078209	0.113481	0.036160	0.000000	325.000000	0.174603	0.011867	0.005051
5.501712	1.079932	0.110404	0.008921	0.000000	2850.000000	0.185185	0.048676	0.016379
4.888044	0.288759	0.114737	0.044209	0.000000	265.000000	0.439252	0.128120	0.015379
4.865501	0.253984	0.112321	0.044466	0.000000	-705.000000	0.244444	0.024195	0.012727
4.595951	-0.078574	0.115496	0.024644	0.000000	-420.000000	0.600000	0.113403	0.013665
4.154308	-0.584078	0.130079	0.043386	0.000000	2705.000000	0.264957	0.042728	0.024861
4.109200	-0.683842	0.109781	0.067544	0.000000	2150.000000	0.272189	0.011818	0.003877
4.118195	-0.709259	0.093818	0.070344	0.000000	1225.000000	0.435185	0.014498	-0.012269
3.730495	-1.111871	0.114001	0.040065	0.000000	-1080.000000	0.244898	0.017999	0.005231
3.483663	-1.159581	0.220340	0.036366	0.000000	1115.000000	0.201613	0.096292	0.111334
3.543474	-1.286944	0.129463	0.046059	0.000000	1730.000000	0.297297	0.044215	0.019534
3.520962	-1.328643	0.121411	0.053939	0.000000	735.000000	0.445946	0.020928	0.011197
3.510124	-1.350031	0.116864	0.055388	0.000000	-270.000000	0.181818	0.020537	0.006504
3.481592	-1.365519	0.124291	0.047185	0.000000	-1115.000000	0.643836	0.026693	0.013833
5.957850	1.063454	0.111404	0.010906	0.000000	1100.000000	0.325203	0.035392	0.017071
5.281386	0.358642	0.148880	0.020031	0.000000	2570.000000	0.202381	0.123779	0.049850
4.925720	-0.072193	0.140801	0.029091	0.000000	960.000000	0.444444	0.076929	0.038875
4.498552	-0.610161	0.117082	0.041665	0.000000	2105.000000	0.495495	0.013363	0.011535
3.833395	-1.318940	0.121477	0.046152	0.000000	695.000000	0.166667	0.010573	0.011200
3.826448	-1.341938	0.114383	0.049990	0.000000	660.000000	0.235294	0.005798	0.003947
3.803571	-1.362521	0.115885	0.053400	0.000000	260.000000	0.266667	0.005856	0.005313
3.787825	-1.383480	0.113844	0.049406	0.000000	-615.000000	0.621951	0.005914	0.003131
3.779943	-1.407413	0.106691	0.051369	0.000000	-495.000000	0.554348	0.007408	-0.004188
5.695967	0.327382	0.161893	0.007843	0.000000	1960.000000	0.466667	0.123944	0.062468
5.151450	-0.113573	0.214943	0.007843	0.000000	2585.000000	0.174157	0.198632	0.112629
5.352445	-0.123572	0.124288	0.007843	0.000000	840.000000	0.248276	0.025472	0.021820
5.345250	-0.155912	0.113987	0.007843	0.000000	-150.000000	0.407767	0.019424	0.011295
4.841524	-0.582726	0.152937	0.007242	0.000000	1215.000000	0.261905	0.109987	0.047439
4.868463	-0.611392	0.129267	0.007664	0.000000	1560.000000	0.292683	0.067094	0.023555
4.140670	-1.189719	0.196610	0.004383	0.000000	550.000000	0.200000	0.077498	0.087116
4.005713	-1.192531	0.253435	0.005327	0.000000	395.000000	0.254902	0.148613	0.143977
4.132196	-1.373907	0.120588	0.003922	0.000000	-475.000000	0.177570	0.007585	0.009798
5.893134	-0.074571	0.136791	0.007843	0.000000	-535.000000	0.169643	0.111759	0.034443
5.888338	-0.146539	0.109018	0.007843	0.000000	1875.000000	0.475000	0.016707	0.006164
5.338262	-0.579455	0.143333	0.007843	0.000000	2325.000000	0.331169	0.023634	0.037650
4.621250	-1.290604	0.125538	0.013781	0.000000	3020.000000	0.392157	0.011764	0.015131
4.512337	-1.415229	0.115644	0.008812	0.000000	130.000000	0.413043	0.004311	0.004402
4.447870	-1.489248	0.109618	0.009113	0.000000	-120.000000	0.250000	0.006410	-0.002119
5.930498	-0.553685	0.146940	0.011765	0.000000	1720.000000	0.505747	0.028359	0.041190
5.969767	-0.589734	0.118683	0.011765	0.000000	830.000000	0.380165	0.019582	0.012663
5.125006	-1.312203	0.116239	0.007843	0.000000	755.000000	0.191176	0.004100	0.005468
4.513311	-1.680404	0.178785	0.007843	0.000000	1050.000000	0.365854	0.050727	0.065668
4.520409	-1.805590	0.125961	0.007843	0.000000	-10.000000	0.185185	0.004518	0.011958
5.754333	-1.830713	0.125283	0.022186	0.000000	-1170.000000	0.840000	0.008044	0.010584
5.716201	-1.860396	0.124249	0.018699	0.000000	-40.000000	0.190476	0.006584	0.009357
5.651657	-1.918351	0.119682	0.019519	0.000000	-315.000000	0.185185	0.003232	0.004407
5.979850	-2.347264	0.097581	0.043284	0.000000	-475.000000	0.226190	0.019096	-0.020862
5.946179	-2.378429	0.094309	0.042635	0.000000	215.000000	0.171053	0.014834	-0.024340
5.873574	-2.394204	0.105502	0.037005	0.000000	-355.000000	0.311475	0.021094	-0.013228
